     1111abt1111ab   1212     bonsbonsbons       wwww

Automate
========
      1  a  b t *  |  1 2 *  |  b  n  o  s  *   |   w * 
 0:   1  0  0 0 0  |  1 0 0  |  1  0  0  0  0   |   1 0
 1:   2  0  0 0 0  |  1 2 0  |  1  0  2  0  0   |   2 0
 2:   3  0  0 0 0  |  3 0 0  |  1  3  0  0  0   |   3 0
 3:   4  0  0 0 0  |  1 4 0  |  1  0  0  4  0   |   4 0
 4:   4  5  0 0 0  |  3 0 0  |  5  0  0  0  0   |   4 0
 5:   1  0  6 0 0  |         |  1  0  6  0  0   |
 6:   1  0  0 7 0  |         |  1  7  0  0  0   |
 7:   8  0  0 0 0  |         |  1  0  0  8  0   |
 8:   9  0  0 0 0  |         |  9  0  0  0  0   |     
 9:  10  0  0 0 0  |         |  1  0 10  0  0   |
10:  11  0  0 0 0  |         |  1 11  0  0  0   |
11:   4 12  0 0 0  |         |  1  0  0 12  0   |
12:   1  0 13 0 0  |         |  9  0  0  0  0   |
13:   1  0  0 7 0  |





KMP
========
0   1   2   3   4   5   6   7   8   9  10   11   12   13
e   1   1   1   1   a   b   t   1   1   1    1    a    b   
0   0   1   2   3   0   0   0   1   2   3    4    5    6
---
0   0   1   2   3   
e   1   2   1   2   
0   0   0   1   2 
---
0   0   1   2   3   4   5   6   7   8   9  10  11   
e   b   o   n   s   b   o   n   s   b   o   n   s   
0   0   0   0   0   1   2   3   4   5   6   7   8 
---
0   0   1   2   3   
e   w   w   w   w   
0   0   1   2   3  

Boyer-Moore
========
 1 a b t  *
 2 1 0 6 13

  b  ab  1ab  11ab  111ab  1111ab  t1111ab  bt1111ab  abt1111ab  1abt1111ab  11abt1111ab  111abt1111ab  1111abt1111ab
  13  13   13    13     13      7       7        7         7          7           7            7             7         
---  
 1 2 *
 1 0 4

  2  12  212  1212
  4   2   2    2   
---
 b n o s  *
 3 1 2 0 12

  s  ns  ons  bons  sbons  nsbons  onsbons  bonsbons  sbonsbons  nsbonsbons  onsbonsbons  bonsbonsbons
  12  12  12    8     8      8       8        4         4          4           4            4      
----    
  w *
  0 4

  w  ww  www  wwww
  3   2   1    1 
  
  
       
